__ci_last_regenerate|i:1634026359;uniqid|s:13:"rand(1,90000)";attachments|s:42:"Mlife Travel Insurance bulk data test.xlsx";c_name|s:12:"Madison Life";c_reg|s:0:"";postalAddress|s:12:"P.O.Box 3040";physicalAddress|s:30:"dar es salam house, cairo road";emailAddress|s:19:"tabitha@mlife.co.zm";phoneNumber|s:12:"260974557712";policy_type|s:11:"pay_as_u_go";plan_id|s:3:"194";plan_code|s:29:"DTI_PER_TRIP_COMBINED_GRP_CPR";premium|s:2:"28";sumasured|s:5:"5,000";paymentId|s:2:"21";recharge|N;phone_no|s:10:"0978840562";total|s:1:"0";agentCode|s:2:"15";Reg_type|s:7:"Company";premiumArr|a:11:{i:0;s:2:"28";i:1;s:2:"28";i:2;s:2:"28";i:3;s:2:"28";i:4;s:2:"28";i:5;s:2:"28";i:6;s:2:"28";i:7;s:2:"28";i:8;s:2:"28";i:9;s:2:"28";i:10;s:2:"28";}suminputArr|a:11:{i:0;s:5:"5,000";i:1;s:5:"5,000";i:2;s:5:"5,000";i:3;s:5:"5,000";i:4;s:5:"5,000";i:5;s:5:"5,000";i:6;s:5:"5,000";i:7;s:5:"5,000";i:8;s:5:"5,000";i:9;s:5:"5,000";i:10;s:5:"5,000";}nrcArr|a:11:{i:0;s:0:"";i:1;s:0:"";i:2;s:0:"";i:3;s:0:"";i:4;s:0:"";i:5;s:0:"";i:6;s:0:"";i:7;s:0:"";i:8;s:0:"";i:9;s:0:"";i:10;s:0:"";}genderArr|a:11:{i:0;s:19:"Male
Female
Other";i:1;s:19:"Male
Female
Other";i:2;s:19:"Male
Female
Other";i:3;s:19:"Male
Female
Other";i:4;s:19:"Male
Female
Other";i:5;s:19:"Male
Female
Other";i:6;s:19:"Male
Female
Other";i:7;s:19:"Male
Female
Other";i:8;s:19:"Male
Female
Other";i:9;s:19:"Male
Female
Other";i:10;s:19:"Male
Female
Other";}dobArr|a:11:{i:0;s:602:"Day
1
2
3
4
5
6
7
8
9
10
11
12
13
14
15
16
17
18
19
20
21
22
23
24
25
26
27
28
29
30
31
Month
1
2
3
4
5
6
7
8
9
10
11
12
Year
1950
1951
1952
1953
1954
1955
1956
1957
1958
1959
1960
1961
1962
1963
1964
1965
1966
1967
1968
1969
1970
1971
1972
1973
1974
1975
1976
1977
1978
1979
1980
1981
1982
1983
1984
1985
1986
1987
1988
1989
1990
1991
1992
1993
1994
1995
1996
1997
1998
1999
2000
2001
2002
2003
2004
2005
2006
2007
2008
2009
2010
2011
2012
2013
2014
2015
2016
2017
2018
2019
2020
2021";i:1;s:602:"Day
1
2
3
4
5
6
7
8
9
10
11
12
13
14
15
16
17
18
19
20
21
22
23
24
25
26
27
28
29
30
31
Month
1
2
3
4
5
6
7
8
9
10
11
12
Year
1950
1951
1952
1953
1954
1955
1956
1957
1958
1959
1960
1961
1962
1963
1964
1965
1966
1967
1968
1969
1970
1971
1972
1973
1974
1975
1976
1977
1978
1979
1980
1981
1982
1983
1984
1985
1986
1987
1988
1989
1990
1991
1992
1993
1994
1995
1996
1997
1998
1999
2000
2001
2002
2003
2004
2005
2006
2007
2008
2009
2010
2011
2012
2013
2014
2015
2016
2017
2018
2019
2020
2021";i:2;s:602:"Day
1
2
3
4
5
6
7
8
9
10
11
12
13
14
15
16
17
18
19
20
21
22
23
24
25
26
27
28
29
30
31
Month
1
2
3
4
5
6
7
8
9
10
11
12
Year
1950
1951
1952
1953
1954
1955
1956
1957
1958
1959
1960
1961
1962
1963
1964
1965
1966
1967
1968
1969
1970
1971
1972
1973
1974
1975
1976
1977
1978
1979
1980
1981
1982
1983
1984
1985
1986
1987
1988
1989
1990
1991
1992
1993
1994
1995
1996
1997
1998
1999
2000
2001
2002
2003
2004
2005
2006
2007
2008
2009
2010
2011
2012
2013
2014
2015
2016
2017
2018
2019
2020
2021";i:3;s:602:"Day
1
2
3
4
5
6
7
8
9
10
11
12
13
14
15
16
17
18
19
20
21
22
23
24
25
26
27
28
29
30
31
Month
1
2
3
4
5
6
7
8
9
10
11
12
Year
1950
1951
1952
1953
1954
1955
1956
1957
1958
1959
1960
1961
1962
1963
1964
1965
1966
1967
1968
1969
1970
1971
1972
1973
1974
1975
1976
1977
1978
1979
1980
1981
1982
1983
1984
1985
1986
1987
1988
1989
1990
1991
1992
1993
1994
1995
1996
1997
1998
1999
2000
2001
2002
2003
2004
2005
2006
2007
2008
2009
2010
2011
2012
2013
2014
2015
2016
2017
2018
2019
2020
2021";i:4;s:602:"Day
1
2
3
4
5
6
7
8
9
10
11
12
13
14
15
16
17
18
19
20
21
22
23
24
25
26
27
28
29
30
31
Month
1
2
3
4
5
6
7
8
9
10
11
12
Year
1950
1951
1952
1953
1954
1955
1956
1957
1958
1959
1960
1961
1962
1963
1964
1965
1966
1967
1968
1969
1970
1971
1972
1973
1974
1975
1976
1977
1978
1979
1980
1981
1982
1983
1984
1985
1986
1987
1988
1989
1990
1991
1992
1993
1994
1995
1996
1997
1998
1999
2000
2001
2002
2003
2004
2005
2006
2007
2008
2009
2010
2011
2012
2013
2014
2015
2016
2017
2018
2019
2020
2021";i:5;s:602:"Day
1
2
3
4
5
6
7
8
9
10
11
12
13
14
15
16
17
18
19
20
21
22
23
24
25
26
27
28
29
30
31
Month
1
2
3
4
5
6
7
8
9
10
11
12
Year
1950
1951
1952
1953
1954
1955
1956
1957
1958
1959
1960
1961
1962
1963
1964
1965
1966
1967
1968
1969
1970
1971
1972
1973
1974
1975
1976
1977
1978
1979
1980
1981
1982
1983
1984
1985
1986
1987
1988
1989
1990
1991
1992
1993
1994
1995
1996
1997
1998
1999
2000
2001
2002
2003
2004
2005
2006
2007
2008
2009
2010
2011
2012
2013
2014
2015
2016
2017
2018
2019
2020
2021";i:6;s:602:"Day
1
2
3
4
5
6
7
8
9
10
11
12
13
14
15
16
17
18
19
20
21
22
23
24
25
26
27
28
29
30
31
Month
1
2
3
4
5
6
7
8
9
10
11
12
Year
1950
1951
1952
1953
1954
1955
1956
1957
1958
1959
1960
1961
1962
1963
1964
1965
1966
1967
1968
1969
1970
1971
1972
1973
1974
1975
1976
1977
1978
1979
1980
1981
1982
1983
1984
1985
1986
1987
1988
1989
1990
1991
1992
1993
1994
1995
1996
1997
1998
1999
2000
2001
2002
2003
2004
2005
2006
2007
2008
2009
2010
2011
2012
2013
2014
2015
2016
2017
2018
2019
2020
2021";i:7;s:602:"Day
1
2
3
4
5
6
7
8
9
10
11
12
13
14
15
16
17
18
19
20
21
22
23
24
25
26
27
28
29
30
31
Month
1
2
3
4
5
6
7
8
9
10
11
12
Year
1950
1951
1952
1953
1954
1955
1956
1957
1958
1959
1960
1961
1962
1963
1964
1965
1966
1967
1968
1969
1970
1971
1972
1973
1974
1975
1976
1977
1978
1979
1980
1981
1982
1983
1984
1985
1986
1987
1988
1989
1990
1991
1992
1993
1994
1995
1996
1997
1998
1999
2000
2001
2002
2003
2004
2005
2006
2007
2008
2009
2010
2011
2012
2013
2014
2015
2016
2017
2018
2019
2020
2021";i:8;s:602:"Day
1
2
3
4
5
6
7
8
9
10
11
12
13
14
15
16
17
18
19
20
21
22
23
24
25
26
27
28
29
30
31
Month
1
2
3
4
5
6
7
8
9
10
11
12
Year
1950
1951
1952
1953
1954
1955
1956
1957
1958
1959
1960
1961
1962
1963
1964
1965
1966
1967
1968
1969
1970
1971
1972
1973
1974
1975
1976
1977
1978
1979
1980
1981
1982
1983
1984
1985
1986
1987
1988
1989
1990
1991
1992
1993
1994
1995
1996
1997
1998
1999
2000
2001
2002
2003
2004
2005
2006
2007
2008
2009
2010
2011
2012
2013
2014
2015
2016
2017
2018
2019
2020
2021";i:9;s:602:"Day
1
2
3
4
5
6
7
8
9
10
11
12
13
14
15
16
17
18
19
20
21
22
23
24
25
26
27
28
29
30
31
Month
1
2
3
4
5
6
7
8
9
10
11
12
Year
1950
1951
1952
1953
1954
1955
1956
1957
1958
1959
1960
1961
1962
1963
1964
1965
1966
1967
1968
1969
1970
1971
1972
1973
1974
1975
1976
1977
1978
1979
1980
1981
1982
1983
1984
1985
1986
1987
1988
1989
1990
1991
1992
1993
1994
1995
1996
1997
1998
1999
2000
2001
2002
2003
2004
2005
2006
2007
2008
2009
2010
2011
2012
2013
2014
2015
2016
2017
2018
2019
2020
2021";i:10;s:602:"Day
1
2
3
4
5
6
7
8
9
10
11
12
13
14
15
16
17
18
19
20
21
22
23
24
25
26
27
28
29
30
31
Month
1
2
3
4
5
6
7
8
9
10
11
12
Year
1950
1951
1952
1953
1954
1955
1956
1957
1958
1959
1960
1961
1962
1963
1964
1965
1966
1967
1968
1969
1970
1971
1972
1973
1974
1975
1976
1977
1978
1979
1980
1981
1982
1983
1984
1985
1986
1987
1988
1989
1990
1991
1992
1993
1994
1995
1996
1997
1998
1999
2000
2001
2002
2003
2004
2005
2006
2007
2008
2009
2010
2011
2012
2013
2014
2015
2016
2017
2018
2019
2020
2021";}othernameArr|a:11:{i:0;s:0:"";i:1;s:0:"";i:2;s:0:"";i:3;s:0:"";i:4;s:0:"";i:5;s:0:"";i:6;s:0:"";i:7;s:0:"";i:8;s:0:"";i:9;s:0:"";i:10;s:0:"";}surnameArr|a:11:{i:0;s:0:"";i:1;s:0:"";i:2;s:0:"";i:3;s:0:"";i:4;s:0:"";i:5;s:0:"";i:6;s:0:"";i:7;s:0:"";i:8;s:0:"";i:9;s:0:"";i:10;s:0:"";}coveredArr|a:11:{i:0;s:162:"TILT GROUP MEMBER
GROUP MEMBER 2
GROUP MEMBER 3
GROUP MEMBER 4
GROUP MEMBER 5
GROUP MEMBER 6
GROUP MEMBER 7
GROUP MEMBER 8
GROUP MEMBER 9
GROUP MEMBER 10";i:1;s:162:"TILT GROUP MEMBER
GROUP MEMBER 2
GROUP MEMBER 3
GROUP MEMBER 4
GROUP MEMBER 5
GROUP MEMBER 6
GROUP MEMBER 7
GROUP MEMBER 8
GROUP MEMBER 9
GROUP MEMBER 10";i:2;s:162:"TILT GROUP MEMBER
GROUP MEMBER 2
GROUP MEMBER 3
GROUP MEMBER 4
GROUP MEMBER 5
GROUP MEMBER 6
GROUP MEMBER 7
GROUP MEMBER 8
GROUP MEMBER 9
GROUP MEMBER 10";i:3;s:162:"TILT GROUP MEMBER
GROUP MEMBER 2
GROUP MEMBER 3
GROUP MEMBER 4
GROUP MEMBER 5
GROUP MEMBER 6
GROUP MEMBER 7
GROUP MEMBER 8
GROUP MEMBER 9
GROUP MEMBER 10";i:4;s:162:"TILT GROUP MEMBER
GROUP MEMBER 2
GROUP MEMBER 3
GROUP MEMBER 4
GROUP MEMBER 5
GROUP MEMBER 6
GROUP MEMBER 7
GROUP MEMBER 8
GROUP MEMBER 9
GROUP MEMBER 10";i:5;s:162:"TILT GROUP MEMBER
GROUP MEMBER 2
GROUP MEMBER 3
GROUP MEMBER 4
GROUP MEMBER 5
GROUP MEMBER 6
GROUP MEMBER 7
GROUP MEMBER 8
GROUP MEMBER 9
GROUP MEMBER 10";i:6;s:162:"TILT GROUP MEMBER
GROUP MEMBER 2
GROUP MEMBER 3
GROUP MEMBER 4
GROUP MEMBER 5
GROUP MEMBER 6
GROUP MEMBER 7
GROUP MEMBER 8
GROUP MEMBER 9
GROUP MEMBER 10";i:7;s:162:"TILT GROUP MEMBER
GROUP MEMBER 2
GROUP MEMBER 3
GROUP MEMBER 4
GROUP MEMBER 5
GROUP MEMBER 6
GROUP MEMBER 7
GROUP MEMBER 8
GROUP MEMBER 9
GROUP MEMBER 10";i:8;s:162:"TILT GROUP MEMBER
GROUP MEMBER 2
GROUP MEMBER 3
GROUP MEMBER 4
GROUP MEMBER 5
GROUP MEMBER 6
GROUP MEMBER 7
GROUP MEMBER 8
GROUP MEMBER 9
GROUP MEMBER 10";i:9;s:162:"TILT GROUP MEMBER
GROUP MEMBER 2
GROUP MEMBER 3
GROUP MEMBER 4
GROUP MEMBER 5
GROUP MEMBER 6
GROUP MEMBER 7
GROUP MEMBER 8
GROUP MEMBER 9
GROUP MEMBER 10";i:10;s:162:"TILT GROUP MEMBER
GROUP MEMBER 2
GROUP MEMBER 3
GROUP MEMBER 4
GROUP MEMBER 5
GROUP MEMBER 6
GROUP MEMBER 7
GROUP MEMBER 8
GROUP MEMBER 9
GROUP MEMBER 10";}groupTotal|s:3:"336";ref|s:16:"0978840562101240";